-3.605100 3.572900
-2.634700 3.743800
-2.336500 2.252600
-1.706600 3.982700
-2.984300 1.571700
-2.681900 2.641400
-2.990700 3.474400
-0.404600 1.110600
-3.273600 2.844300
-1.027600 3.095100
-2.057700 2.986300
-0.257200 2.690100
-0.873400 3.276600
-1.258300 3.734500
-3.851800 1.209700
-2.255700 4.077200
-0.090700 2.037000
-1.325900 3.535300
-1.372600 4.267600
-1.969900 2.635400
-2.118500 2.698700
-0.816900 2.658100
-1.157500 3.744000
-2.296200 3.472400
-2.454800 2.188600
-1.875200 3.501000
-3.850400 1.887400
-3.216900 1.767800
-2.635000 3.710700
-2.138900 2.302000
-0.838800 4.043400
-1.734600 2.889300
-2.846700 3.007300
-2.616900 3.062000
0.059200 3.247500
-1.875000 3.421400
-2.516400 2.367800
-2.033300 2.294800
-1.344400 1.799100
-1.579300 3.700100
-1.433300 3.434200
-2.672000 2.930300
-2.544600 3.407200
-2.168500 3.963200
-1.860700 4.177500
-1.032000 2.411000
-2.529600 2.825800
-0.971200 2.650800
-1.780000 2.819900
-2.445800 3.410700
0.706100 3.941100
-2.538000 2.028600
-1.344000 3.208100
-2.069600 2.293900
-3.031500 3.721500
-1.495900 3.591800
-3.195600 3.163100
-2.789800 3.660500
-0.834700 3.093400
-2.139100 4.303900
-2.511100 3.974200
-1.918900 3.694400
-2.471900 4.062200
-1.126500 4.560700
-0.558400 3.761200
-3.226000 3.607300
-0.973500 2.625500
-0.996700 3.237800
-0.828200 3.673100
-3.077200 4.458400
-2.665300 2.723900
-2.623500 3.118600
-2.971700 3.197400
-2.822300 3.339200
-2.508400 1.009400
-1.309100 3.919100
-1.709700 2.571300
-4.272600 1.922200
-0.697600 3.444500
-1.587600 3.438100
-1.921400 4.627800
-1.697900 3.302400
-2.092700 3.068300
-2.830700 3.235700
-2.068400 2.773300
-0.551700 2.933000
-1.780800 3.545300
-1.226000 4.617000
-1.760800 2.801900
-2.854300 2.601800
-1.049800 3.691600
-2.325600 2.673600
-1.988000 3.950900
-2.896900 2.537500
-2.355800 3.991400
-1.794900 2.640500
-1.948600 2.718900
-3.098200 1.238700
-2.052900 3.220200
-2.798300 2.505700
-2.622000 4.759900
-1.026300 2.716700
-1.650500 4.274400
-1.164500 3.671400
-2.245100 2.529500
-1.830300 1.321100
-0.135500 3.873700
-2.523100 4.311200
-1.930500 2.328100
-1.164400 3.010100
-1.734800 3.424400
-0.923100 3.835500
-2.840600 5.393400
-0.745200 3.875400
-2.611400 2.046100
-0.415300 4.894800
-1.642300 2.983000
-1.376700 1.426900
-2.723500 3.573300
-2.549900 4.338100
-2.126400 3.414900
-2.156200 4.464700
-1.760500 1.857800
-2.044500 3.508900
-1.559800 3.277200
-2.259300 3.978800
-2.028500 2.635200
-0.950700 3.206500
-0.828000 2.221400
-1.860300 3.119800
-4.074600 3.799400
-2.900600 2.540500
-0.500300 3.117100
-2.648500 3.008900
-1.855000 2.561300
-2.220800 4.748700
-1.902500 3.469200
-4.325100 2.695600
-3.062500 1.680600
-3.390900 3.838900
-2.585100 3.334500
-2.553000 2.811900
0.003600 3.766000
-1.744600 3.409400
-1.750400 2.198500
-2.346400 2.988700
-4.679200 1.852300
-2.116400 2.637000
-0.645000 1.964100
-2.415400 1.463000
-1.385800 3.475100
-1.615900 3.555200
-1.624300 3.716900
-2.237800 3.382400
-1.688400 3.329300
-1.867100 3.375400
-1.583900 3.120700
-2.143300 3.034800
-0.447500 3.816500
-1.934400 3.463100
-3.050000 3.492400
-1.651800 3.418700
-1.485000 3.019500
-2.353900 4.546300
-2.131800 1.845800
-1.990100 2.491000
-1.222600 2.160500
-2.349000 3.801300
-3.245400 1.646600
-2.072000 2.696500
-0.275100 2.176300
-0.162200 3.208700
-0.137000 2.414100
-2.851800 1.735300
-0.901500 4.177400
-1.607100 3.331900
-1.148800 2.085600
-1.733700 3.437000
-3.259400 3.918900
-1.305700 3.797300
-2.740200 2.192000
-3.944700 4.170700
-1.179000 3.171700
-1.595000 2.425300
-1.684500 4.198500
-3.551700 3.574200
-1.841400 3.584500
-2.043300 2.167900
-2.817700 1.454500
-3.595300 3.301300
-0.928600 2.712300
-2.011000 2.838400
-0.837600 4.024500
-2.646500 2.068700
-2.128300 3.494500
-2.566000 2.240000
-0.953000 2.769500
-1.565400 2.163400
-1.147900 4.591800
-2.091900 3.006700
-1.615800 2.165400
-2.085700 2.848600
-2.983200 2.165200
-2.590700 2.020600
-1.934800 4.031400
-3.626400 2.014400
0.128500 3.806900
-2.491800 2.925200
-1.364600 3.811100
-0.650800 2.111300
-1.151800 4.273300
-3.036200 4.551900
-2.310800 2.990900
-1.067900 2.537700
-2.158100 3.272700
-1.036100 3.215700
-0.640300 2.340800
-2.270300 2.036300
-0.476600 3.375100
-2.457300 4.708000
-2.179600 1.973100
-1.829800 1.534800
-0.581000 2.399300
-1.628500 1.691100
-2.218900 3.129200
-1.274000 2.312800
-0.878500 2.939800
-1.571900 4.070300
-1.720100 3.566900
-2.044800 3.161900
-1.515900 2.855400
-2.676600 3.274400
-1.397100 5.269300
-2.543800 3.783300
-1.020700 3.342700
-1.476000 4.086500
-2.405400 1.555800
-2.564000 3.017600
-2.079000 4.161400
-3.049000 2.002500
-2.254100 2.391600
-1.632100 3.891300
-2.618400 3.302300
-1.775000 3.627400
-0.721400 3.726200
-4.727600 3.045000
-3.556100 4.100300
-0.637500 3.533900
-0.668400 4.711300
-2.328200 1.875100
-1.647500 3.155700
-2.465900 2.763500
-2.107300 2.700100
-0.207000 4.254100
-2.637300 2.913300
-1.082800 3.171800
-4.062500 1.189500
-2.360300 2.272500
-1.551700 2.921000
-0.881600 2.414900
-2.006000 2.344000
-0.426700 1.825400
-2.634700 2.450100
-3.141300 1.996400
-2.286900 2.067800
-2.681000 4.372000
-3.837900 2.430400
-2.936200 3.071700
-0.193600 2.764000
-3.166700 1.821100
-1.288000 1.082200
0.427000 4.530100
-1.136200 2.387200
-3.529900 3.941100
-2.115700 3.755200
-2.547900 3.392800
-1.908000 1.686400
-1.106800 3.093600
-1.884400 2.682400
-1.854400 4.990200
-2.667900 1.964100
-1.581700 2.376100
-2.214900 3.545200
-2.185400 1.652200
-0.475700 2.448600
-0.472800 2.501600
-2.588000 2.999400
-0.991400 1.774900
-2.234100 2.607600
-3.692900 2.790500
-1.541900 2.737600
-2.188200 3.531100
-1.377600 2.903900
-2.433900 3.003800
-0.880600 2.977300
-2.408000 4.377500
-0.032700 0.940400
-0.323200 2.909000
-1.491600 2.708900
-1.041500 3.089800
-2.927700 3.265300
-1.176700 4.130700
-2.274000 3.241900
0.702500 3.467000
-2.490200 4.336600
-2.046800 3.223500
-2.261700 4.632000
-3.566700 3.460400
-1.707600 0.998800
-2.408100 1.412500
-2.310500 2.185200
-1.699200 3.536100
-1.871000 3.206000
-1.397800 3.547600
-1.925700 3.962700
-3.412600 4.463600
-1.675500 1.932000
-2.811600 2.632400
-3.498000 4.590200
-2.190400 2.755800
-1.129700 3.190100
0.166500 4.310600
-1.671800 2.878200
-2.183400 2.428300
-1.944800 1.250700
-2.843400 2.966800
-3.394300 1.600700
-3.825200 2.661300
-1.305600 2.846500
-2.346400 2.748500
-2.124200 2.561900
-1.156400 4.023100
-1.469900 3.397800
-1.426600 2.705300
-1.055300 3.179100
-1.860200 2.941100
-0.017400 2.433100
-3.098500 3.656300
-2.642800 2.239600
-0.372800 2.426100
-3.162700 3.992100
-1.909800 3.646900
-2.983800 2.536100
-3.555900 2.313300
-2.251500 4.476600
-2.078400 0.212400
-4.187700 5.012300
-1.390000 3.560900
-1.278200 5.294400
-2.942500 2.386800
-3.170600 2.667600
-2.126500 3.737000
-1.313300 4.289900
-1.746000 3.307700
-0.586800 4.987100
-2.527700 4.701600
-2.405100 3.482800
-0.763200 2.558200
-0.865900 0.534900
-3.331300 3.338500
0.334200 0.860500
-1.738800 2.677300
-2.026000 1.194300
-2.293900 4.173700
-1.950000 2.401100
-1.563100 2.245500
-1.677800 1.420800
-1.141000 2.740600
-2.401300 3.958700
-2.183900 2.145300
-3.402000 3.222400
-0.425100 0.903300
-3.253000 2.979800
-2.830200 2.685900
-2.469200 3.868700
-3.713400 3.221800
-1.192100 3.033700
-2.447800 2.142500
0.056400 2.652300
0.643200 3.015400
-1.846300 3.914400
-1.613800 2.994500
-1.364300 1.955600
-1.306100 2.208000
-2.651000 3.584800
-3.123200 1.574100
-1.240100 2.915200
-2.488000 2.951100
-1.869400 3.928800
-2.622100 3.373900
-1.015500 2.458100
-2.717200 3.760000
-3.494600 1.864200
-2.152600 2.387600
-2.815100 2.240900
-3.190400 2.073500
-1.613800 2.829200
-3.370100 2.398900
-0.533300 3.452500
-2.715700 3.152400
-1.354500 0.070000
-1.726100 3.770600
-3.718000 3.407600
-2.234300 3.712000
-2.893900 2.843600
-2.044700 3.161500
-3.130100 3.942300
-3.541800 2.318000
-1.356600 4.402700
-1.964400 0.461100
-2.513300 2.439000
-0.556000 3.861700
-2.537800 3.749300
-2.735400 1.150200
-2.414100 2.175900
-2.709300 4.221500
-0.867800 2.957300
-1.686800 4.232600
-1.844400 1.795700
-1.388300 2.410400
-1.262700 2.144900
-2.672600 3.045300
-1.951900 4.836200
-1.867100 3.660000
-0.315600 3.366800
-1.288700 2.468900
-1.738500 2.124500
-2.082800 3.012700
-0.936300 4.820600
-2.479000 2.171100
-2.367900 4.255600
-1.944500 2.240800
-2.418200 3.237500
-2.711300 3.747200
-0.523500 4.431600
-1.414100 3.588500
-3.179600 3.509500
-1.980400 3.247000
-1.291500 2.577700
-2.576500 3.945800
-1.755500 3.763300
-2.775000 3.699100
-2.105100 2.187700
-2.327500 2.875800
-2.311800 3.744600
-1.623400 4.202100
-2.019500 3.342000
-2.475900 2.146900
-0.440600 3.531600
-2.111000 0.494600
-2.801300 3.520000
-1.966400 1.473900
-1.584400 3.490800
-3.446300 2.959700
-2.796000 2.687900
-1.863800 2.367300
-0.620300 2.777600
-1.440900 1.418000
-2.294300 4.440100
-3.507300 3.745100
-2.721600 3.072200
-1.819600 4.384000
0.461600 2.221800
-1.990100 3.856400
-1.577500 2.685000
-1.641900 2.677600
-2.174300 2.043900
-1.437500 1.411700
-0.873400 4.216500
-1.418700 2.988500
-2.415900 3.490000
-1.576900 1.151400
-2.216000 3.920400
-1.630200 4.920100
-1.697400 4.253100
-2.251600 2.540200
-2.249500 3.540200
-1.236400 2.213000
-0.859700 2.964900
-1.784400 3.907600
-2.408700 2.122600
-2.306300 4.186200
-4.435100 1.104700
0.164200 2.652900
-2.002100 2.686300
-1.548300 2.656400
-2.274100 3.272800
-0.434200 3.146800
-2.618600 3.031600
-2.241200 3.269300
-2.079200 2.211000
-2.368200 4.432700
-2.424400 2.853800
-2.998400 3.422100
-2.114400 1.281200
-2.094800 2.677300
-2.951000 2.809000
-3.925400 3.158100
-2.381700 2.327600
-1.901300 2.804800
-1.513500 2.323300
-4.602100 3.706100
-2.342100 3.593200
-2.908300 3.353800
-3.042300 1.945500
-1.314100 2.707000
-2.103100 4.007600
-1.053000 2.721400
-2.661100 2.555100
-1.357100 2.394700
-2.819000 2.839200
-3.374800 4.304900
-1.231600 2.753600
-1.212100 2.489200
-1.683800 2.787400
-1.650900 4.734800
-2.673900 2.917400
-2.298000 3.068200
-1.372000 3.385300
-2.268200 2.189500
-3.172800 3.297300
-2.440100 2.960200
-0.843800 1.433700
-3.670300 4.974500
-1.820000 3.448500
-0.686900 4.509800
-2.320600 4.098700
-1.618100 2.399100
-2.201700 2.534800
-1.202900 4.520000
-3.420500 3.110900
-1.864000 2.670500
-1.568600 3.418300
-2.992400 3.811400
-0.853500 3.290600
-1.896000 2.524000
-2.384700 1.314200
-1.945400 3.438600
-4.332300 2.183300
-2.274800 1.113800
-1.767000 2.415800
-3.343100 2.418400
-1.959500 2.936400
-1.843900 4.261300
-2.773500 2.656400
-1.515900 4.351000
-2.599200 2.662100
-1.257200 4.261500
-2.015500 2.318100
-3.046700 2.059000
-1.938400 3.210500
-1.557500 2.439100
-0.888200 4.210500
-1.670300 2.366200
-1.572400 2.516200
-2.712300 -7.909700
-1.087300 -6.075400
-2.474800 -6.800300
-1.186600 -6.091600
-1.319100 -5.592400
-2.277400 -7.179100
-1.758100 -7.160500
-1.839100 -7.228100
-2.038700 -7.250400
-2.639800 -7.503300
-1.722900 -6.998000
-2.197600 -6.713500
-2.060600 -7.353000
-1.326100 -6.071300
-2.615100 -7.366000
-2.999700 -8.396800
-2.421800 -7.870400
-2.052200 -6.193000
-2.560300 -7.700200
-1.549300 -6.236200
-2.140700 -7.300300
-0.568800 -5.346900
-1.322100 -6.195700
-1.436500 -6.594000
-1.439300 -6.314700
-2.565000 -7.460300
-2.997100 -7.722600
-2.082600 -7.375200
-1.534800 -7.403100
-2.417200 -6.947700
-3.278000 -8.170600
-2.670800 -7.934600
-2.027300 -6.993500
-2.211500 -7.155300
-1.711900 -7.487200
-3.244200 -8.379500
-2.532100 -7.937800
-2.360600 -7.544300
-3.634900 -8.830900
-2.547400 -6.660500
-1.792200 -7.432900
-2.226900 -7.545300
-3.115700 -8.416700
-2.109600 -7.228400
-1.379900 -6.698600
-2.381600 -6.613900
-1.313900 -6.083400
-0.349900 -5.270800
-1.668900 -6.586400
-3.025500 -7.518400
-3.387800 -7.746300
-2.400800 -8.336700
-2.138700 -7.437500
-1.379300 -6.554600
-2.412800 -7.693200
-2.935700 -7.607200
-2.365800 -6.686700
-2.177300 -8.000300
-2.668600 -7.079400
-2.271800 -7.052900
-2.599100 -8.051900
-2.737700 -7.278700
-2.608400 -7.262000
-1.931200 -7.139800
-1.805100 -7.198900
-2.191700 -6.870300
-2.692200 -8.086400
-2.263100 -8.025600
-2.213100 -7.796600
-3.160800 -8.222300
-2.051000 -7.058200
-1.536400 -6.428600
-2.365500 -7.743300
-2.649300 -7.376700
-2.504800 -7.516300
-2.217600 -6.619400
-3.017900 -8.475100
-1.853100 -7.236500
-1.718300 -6.579400
-2.293800 -7.027100
-1.845500 -7.510300
-2.411600 -7.294100
-2.711300 -8.012700
-3.077200 -7.984700
-3.208500 -8.684600
-2.303700 -7.480000
-1.584200 -7.196000
-1.605600 -6.984400
-2.731600 -7.080600
-2.384200 -6.870400
-2.531100 -7.429500
-1.795700 -7.050500
-1.883900 -6.869800
-1.726900 -6.565300
-1.552500 -6.456600
-2.255500 -7.285000
-2.431000 -7.636100
-2.882900 -7.338700
-2.449600 -7.254200
-1.388200 -5.764300
-1.038700 -6.186600
-2.052600 -7.097000
-1.739500 -6.628800
-1.904200 -6.881300
-1.717400 -7.159000
-1.864400 -6.633900
-1.360600 -6.458400
-1.002500 -5.535500
-2.127000 -6.848600
-2.817900 -7.558600
-1.364400 -6.446600
-1.822400 -7.247500
-2.017000 -7.107000
-1.693500 -6.910200
-1.439800 -6.769300
-0.730200 -5.918800
-0.843900 -6.312700
-2.565100 -7.260700
-2.574900 -7.212800
-2.332400 -7.810100
-3.019000 -7.384200
-2.265600 -6.918900
-1.751500 -7.370700
-1.498100 -6.988200
-2.313600 -7.461000
-3.018700 -7.879800
-2.613000 -7.441500
-1.378000 -6.492700
-2.561400 -7.611800
-2.117900 -6.672600
-1.981000 -7.502800
-2.683000 -7.027300
-2.026000 -7.334700
-2.081100 -7.189300
-2.215300 -6.306700
-2.155500 -7.599400
-1.950500 -7.493400
-2.352400 -6.973200
-2.416500 -7.146500
-2.352000 -7.723900
-2.344100 -8.096200
-3.077100 -7.784800
-2.189200 -7.280300
-2.488100 -7.321400
-2.205200 -7.636100
-1.883900 -7.052100
-1.738600 -6.817700
-1.534700 -6.583800
-2.143400 -7.102400
-1.023500 -5.821000
-2.062900 -6.747000
-1.502500 -7.182700
-1.360300 -6.310100
-1.556700 -6.325300
-1.371400 -5.976000
-1.705500 -7.519800
-2.108200 -7.290300
-1.914900 -6.694200
-1.884200 -6.558500
-1.039100 -5.776500
-1.783600 -6.575300
-2.857200 -7.368800
-2.089400 -6.497400
-2.512800 -7.113900
-1.431000 -6.110600
-2.120400 -6.427300
-1.362000 -6.079400
-1.135200 -5.993300
-1.736300 -6.295100
-2.295100 -7.042600
-2.015600 -7.387200
-1.627600 -6.599700
-1.275000 -7.111200
-2.689000 -7.612600
-0.247700 -5.642300
-2.480300 -7.389000
-0.512600 -5.113000
-1.208600 -6.966100
-2.165300 -6.990600
-1.099500 -6.046800
-2.603100 -7.928000
-1.465100 -6.010600
-1.684000 -6.671000
-1.573900 -6.552000
-0.651200 -6.375400
-3.783200 -8.342100
-1.993200 -7.400000
-2.409800 -7.382000
-1.891600 -7.487500
-2.765900 -7.447300
-2.809900 -7.320800
-0.643700 -6.044800
-2.428000 -7.978500
-2.198900 -7.329500
-1.875600 -7.212500
-1.621400 -6.937900
-2.060100 -6.785100
-2.438800 -7.821000
-2.545100 -7.509900
-2.687600 -7.305500
-2.922000 -7.474400
-1.327300 -6.563700
-2.084400 -6.682300
-1.208000 -6.376300
-1.263700 -6.530500
-1.893900 -7.386900
-1.676000 -7.513900
-2.681800 -7.383900
-2.641600 -7.880500
-1.164800 -6.094400
-0.987000 -6.079400
-2.211800 -6.724500
-2.689300 -7.176600
-2.981900 -7.867400
-1.359100 -6.264300
-3.037700 -7.622200
-2.655400 -7.593100
-1.796200 -6.879800
-1.907000 -6.832800
-1.763800 -5.829600
-1.716200 -7.703300
-2.305400 -7.127200
-0.400400 -5.371300
-1.682700 -6.200200
-1.182200 -6.274400
-0.639000 -5.410700
-2.165000 -7.280100
-1.025900 -6.036900
-2.647800 -7.689000
-2.312900 -7.267200
-1.954500 -7.399100
-2.397100 -6.597800
-3.208700 -8.469600
-2.198800 -7.221800
-2.057900 -7.317400
-0.928000 -6.460800
-1.829400 -6.954400
-2.508300 -7.267900
-3.445700 -8.075100
-2.312700 -7.896300
-1.597500 -6.176200
-1.268200 -6.181200
-2.536700 -7.559800
-3.089200 -8.119100
-2.505000 -7.714500
-2.703300 -7.661300
-1.371900 -7.518700
-1.798900 -6.851600
-2.591700 -7.332600
-1.943600 -6.899400
-1.938400 -6.199000
-1.880000 -7.250400
-2.805200 -7.498100
-1.276300 -6.804600
-1.386100 -6.734400
-1.905300 -6.316300
-2.182600 -7.179800
-1.816500 -7.158900
-2.546100 -6.989500
-0.717700 -5.842000
-1.856900 -6.623700
-0.914500 -6.223900
-1.891700 -7.718600
-1.723300 -6.823600
-1.983700 -6.519000
-1.838600 -7.445600
-2.555100 -7.304200
-0.838800 -6.240100
-2.917700 -7.882000
-2.456600 -7.104400
-1.263400 -6.425300
-2.670000 -7.606100
-1.239200 -6.304600
-0.745300 -6.035100
-1.230700 -6.440600
-2.679200 -7.212300
-2.137400 -7.518700
-1.609600 -6.813700
-2.878900 -7.849100
-2.601900 -7.405900
-1.668500 -6.501100
-3.183800 -7.567000
-2.365400 -7.069700
-1.344700 -6.291700
-1.554200 -6.381700
-2.528800 -6.985900
-1.051400 -5.862200
-3.017100 -8.401900
-1.830900 -6.963200
-1.902900 -6.947900
-1.729100 -6.737500
-0.541100 -5.506600
-1.627100 -7.696100
-2.265200 -7.149900
-2.891900 -7.538600
-2.568500 -7.422100
-1.395400 -7.173100
-1.859700 -6.461200
-2.145200 -7.355500
-2.296500 -7.503800
-1.913500 -6.591500
-1.306900 -5.651000
-1.926700 -6.909700
-3.384600 -8.462200
-1.099600 -5.895400
-2.032200 -6.108600
-1.897800 -7.379000
-0.765100 -5.371300
-2.585800 -7.165000
-1.976400 -6.920200
-2.676600 -7.017100
-2.407300 -7.827700
-3.201200 -7.982500
-1.509100 -7.112500
-1.143500 -6.753300
-1.109500 -6.618200
-2.242400 -7.539000
-2.757100 -7.145000
-2.499700 -7.507800
-1.927300 -7.058400
-2.622400 -8.085700
-3.368900 -7.636800
-0.803000 -6.112600
-2.223000 -7.068300
-1.297500 -6.206000
-1.553900 -7.211300
-1.606600 -6.533800
-2.341500 -7.216600
-1.776600 -6.628600
-2.370100 -6.775000
-1.082400 -6.138400
-2.051900 -7.396800
-1.367500 -7.294800
-2.500500 -7.665700
-1.447000 -6.429500
-3.579300 -8.526400
-2.796000 -7.793900
-1.640200 -6.170200
-1.852200 -6.235500
-1.651000 -6.738500
-1.816900 -6.203400
-1.643400 -6.854700
-2.738900 -7.657100
-1.860100 -7.011000
-2.958400 -8.087200
-1.332000 -6.426300
-1.354800 -5.620900
-2.258300 -6.865500
-1.776800 -6.331500
-1.860000 -7.377800
-1.633300 -6.716200
-0.923300 -6.285900
-1.842900 -7.038200
-2.817000 -7.498300
-1.580700 -6.760900
-1.557200 -6.650400
-0.551300 -5.280300
0.035800 -5.521400
-1.257200 -6.873600
-2.117700 -6.831800
-2.193800 -7.761500
-0.705700 -6.021500
-2.013600 -6.755600
-1.562600 -6.756700
-1.906400 -7.285400
-3.090700 -8.074000
-1.508800 -6.862700
-2.071300 -6.988900
-2.125700 -6.896200
-0.958300 -5.706400
-2.851900 -8.136600
-1.792600 -6.406000
-3.045900 -7.813700
-3.697400 -8.000200
-2.494000 -7.578200
-1.727000 -6.397900
-2.726400 -7.226600
-3.596600 -8.354300
-1.576800 -6.731400
-1.603700 -7.137900
-2.009200 -6.936200
-2.320500 -6.974900
-1.792100 -6.744900
-2.536000 -7.204700
-2.099300 -6.620900
-2.241400 -6.728500
-1.452600 -6.578000
-1.467900 -6.408200
-1.937500 -6.708300
-1.867400 -7.097200
-1.943700 -6.410100
-1.692700 -6.101600
-2.306600 -7.286900
-1.089300 -5.778200
-1.780600 -6.572800
-2.922600 -7.672700
-2.083300 -7.780900
-2.798200 -7.720900
-1.525900 -6.752200
-2.455400 -8.219500
-1.757600 -6.609300
-1.987700 -6.822800
-2.209700 -7.164900
-3.096900 -7.806700
-2.292200 -7.261600
-2.378300 -6.997400
-2.180200 -7.469800
-1.331100 -6.558200
-2.703800 -7.537300
-2.783200 -7.926500
-2.495400 -7.491800
-2.205200 -7.500100
-1.722800 -7.062000
-2.723200 -8.090700
-2.862500 -7.759500
-1.613500 -7.347600
-3.069000 -8.067300
-2.036900 -7.199400
-2.151000 -7.165900
-1.997800 -6.920000
-1.182400 -6.489100
-2.499300 -7.055400
-1.880500 -6.986500
-0.687000 -5.148900
-3.096200 -7.742800
-2.517300 -7.507400
-2.145800 -6.153700
-3.105600 -8.091900
-2.181300 -7.219900
-1.428400 -6.341100
-1.200100 -6.173000
-2.940600 -8.047400
-2.510600 -7.831800
-1.575900 -5.917500
-2.369200 -6.937900
-3.270500 -7.500700
-1.525800 -6.636400
-3.466100 -8.356100
-1.818400 -7.090400
-3.090500 -7.434500
-3.291600 -8.296900
-2.429800 -7.190900
-2.515500 -7.599100
-1.720500 -6.784800
-2.116300 -6.930200
-2.432000 -7.397400
-1.118200 -7.064300
-1.336800 -5.685000
-1.517900 -5.996800
-1.515700 -6.532200
-1.410400 -5.910700
-1.379400 -6.727100
-0.795400 -6.580500
-1.248100 -6.153300
-2.319100 -7.456100
-2.322800 -6.902100
-3.017000 -7.849300
-1.908500 -6.936200
-2.912000 -7.411900
-1.072900 -5.619200
-2.053400 -7.875600
-1.459300 -5.994700
-2.675900 -7.473000
-2.113200 -7.111500
-1.648700 -6.933500
-2.066800 -7.006800
-1.125300 -6.089600
-1.764100 -6.964300
-1.221800 -6.651900
-2.407000 -6.937900
-2.564100 -7.940600
-2.265600 -7.991000
-2.520900 -7.397900
-0.164200 -5.237500
-1.789000 -6.963300
-0.977400 -6.738800
-2.208700 -6.929600
-1.134500 -6.976400
-1.457400 -6.619300
-2.420400 -7.996600
-1.447800 -6.512300
-1.326300 -6.412700
-2.397400 -7.047300
-2.586800 -7.124200
-2.882400 -7.948600
-1.779000 -6.863100
-2.502400 -7.652000
-2.155200 -7.428800
-1.053600 -6.304700
-2.330800 -7.791000
-2.026000 -7.631200
-3.408500 -8.480700
-1.236900 -6.592800
-2.169600 -7.676600
-2.596300 -7.870500
-1.419100 -6.449600
-1.942000 -6.541600
-2.455400 -6.963300
-2.149000 -7.275000
-0.712900 -6.325500
-2.775900 -7.761300
-2.179100 -7.836400
-0.202500 -5.751800
-1.151400 -5.844800
-1.683200 -6.553600
-1.171800 -6.637400
-2.920400 -7.728000
-1.720400 -6.674600
-1.882100 -6.577900
-1.620800 -6.807200
-2.207400 -7.567100
-2.087500 -7.265900
-1.345300 -7.629800
-2.877700 -8.047700
-1.664800 -6.759500
-2.123600 -7.421600
-1.461600 -6.774100
-1.795700 -6.650000
-3.256300 -7.682200
-2.585900 -7.415800
-1.008500 -6.448500
-1.405800 -6.304000
-2.581400 -7.496000
-1.838000 -6.576000
-2.991100 -8.086400
-1.564900 -6.443400
-1.337200 -5.856100
-8.443200 8.266700
-8.971100 6.501800
-9.484000 7.647700
-8.928900 8.233600
-10.087900 8.409400
-8.847900 8.638300
-10.909300 9.198100
-8.183100 10.840000
-8.119800 8.291100
-8.724300 6.597400
-10.038400 7.875000
-9.816600 7.345400
-10.025500 9.270600
-10.704800 9.227800
-7.567900 7.380700
-7.464600 7.656100
-10.485600 8.621600
-8.558500 6.046000
-10.424400 8.890100
-9.093800 9.092000
-8.147300 7.819400
-9.785900 9.694900
-8.396100 7.332900
-7.393900 7.219200
-8.367300 8.326100
-9.312000 6.696700
-10.228700 8.226300
-8.005200 9.787900
-8.134900 8.274100
-8.145400 7.333900
-10.165700 7.338600
-9.176900 8.034100
-8.865400 6.085200
-8.461600 9.028800
-9.447800 7.268700
-9.175300 7.365400
-8.246200 7.649500
-9.534200 7.963100
-10.222400 8.802800
-8.873700 7.326100
-7.924800 6.824400
-9.622300 7.262500
-8.693800 7.757300
-9.332100 6.730400
-8.861800 6.567400
-8.002100 8.045200
-7.373700 9.025500
-8.922700 7.839300
-8.426200 8.008600
-8.572300 6.344000
-10.184700 6.252900
-9.685900 8.903200
-9.602000 10.008300
-10.085400 7.606300
-8.243500 7.280000
-10.497100 8.310600
-9.702500 8.260200
-8.025800 7.934900
-8.706600 9.062700
-9.834200 6.353700
-7.396500 8.857800
-7.850200 9.395400
-8.168000 8.093900
-8.390500 6.122400
-9.888800 8.394300
-9.860400 9.372400
-9.931700 5.572300
-9.518400 7.692000
-10.105800 9.798600
-10.418400 8.825700
-8.980600 9.376600
-10.146000 9.477400
-8.852300 8.302100
-9.189700 8.718200
-8.015700 6.910200
-7.542400 6.671800
-9.034400 9.266200
-8.608900 8.624000
-9.412900 7.937000
-8.660500 7.727300
-8.602800 6.851300
-7.176500 9.251700
-9.190900 7.563400
-9.512900 8.428600
-9.699600 8.833000
-9.344000 9.165500
-9.738100 8.298200
-8.540700 8.053200
-9.982500 7.414600
-9.904500 7.016200
-9.000800 7.969500
-8.817500 8.970900
-9.671900 7.087600
-8.245200 7.950100
-9.740800 7.007600
-8.932100 7.671900
-8.542900 8.202000
-8.471000 8.977500
-10.077500 9.367400
-9.094300 8.076600
-9.937400 7.729800
-8.897500 8.765500
-10.609100 9.852100
-9.594700 7.798400
-8.794300 8.177800
-8.332200 8.453800
-9.417800 7.857800
-9.058900 7.653400
-8.567800 8.329100
-9.363000 7.911900
-9.142100 6.579900
-9.038500 6.215300
-8.110800 7.803900
-7.905000 8.598900
-7.983400 8.959900
-8.331300 7.701600
-9.102600 7.805400
-10.433200 7.102900
-9.271000 7.898400
-9.633800 7.899600
-8.123300 8.483600
-8.879600 8.491300
-8.223300 7.966000
-9.272800 7.903200
-8.227900 8.797200
-7.433900 8.124300
-9.450200 10.261100
-10.004600 9.896300
-10.429300 6.515200
-9.991000 7.902900
-10.654700 6.042900
-7.648600 6.455100
-8.095200 7.290300
-9.407300 5.953700
-10.350500 6.749300
-8.941000 8.477300
-7.579500 7.226700
-9.098100 7.698500
-9.696100 8.773200
-11.150400 9.212100
-9.496500 9.849800
-8.384700 8.323400
-10.187600 8.236700
-8.994100 7.855100
-9.310300 7.346200
-8.130100 8.461300
-8.167700 7.794200
-9.581900 9.135300
-7.902400 8.219800
-8.248800 8.006400
-8.947400 8.682000
-9.851600 7.535600
-9.244500 6.672800
-7.741900 8.194700
-8.754600 8.504000
-8.866100 7.214000
-8.830300 6.674200
-8.848900 8.407000
-10.537800 8.715300
-9.801200 7.310000
-9.186200 8.187700
-9.102700 8.332300
-10.437300 7.294600
-9.477800 8.120300
-9.389500 10.243200
-10.635100 6.891400
-10.355100 7.518000
-9.604000 9.888600
-7.732100 7.381200
-9.024900 7.097100
-9.167300 7.657200
-8.931200 8.807100
-9.357500 7.402000
-7.517800 10.416300
-8.542500 7.291500
-10.089500 7.811800
-8.303300 8.359000
-9.639800 9.322000
-9.130300 8.911400
-8.952300 7.050600
-9.684000 4.902700
-8.845400 7.987100
-7.658300 7.236300
-9.014500 7.736200
-10.092100 8.984200
-8.080000 9.244300
-10.161500 8.850600
-8.964800 6.653500
-8.384100 7.767700
-10.383900 6.820000
-9.200500 9.146800
-9.496100 8.767600
-8.730700 8.333600
-8.414400 7.928100
-8.761400 6.792100
-10.640700 7.999200
-9.708700 7.125100
-10.091200 8.340500
-9.512500 9.723500
-7.615000 7.063500
-11.169200 7.133600
-9.955100 6.871300
-9.364500 8.077100
-8.807700 7.526800
-6.891300 7.848300
-7.781800 7.855600
-8.067800 7.579600
-7.547500 7.423700
-7.491400 7.482400
-10.728200 8.319700
-8.881900 7.092100
-9.238100 8.924800
-9.621600 8.107300
-9.564600 7.271500
-8.862300 7.489600
-8.302900 7.857400
-7.807300 8.517200
-9.824500 9.621900
-8.918200 8.863000
-9.481000 7.088700
-10.249200 9.063000
-8.468200 7.691600
-8.324100 5.546200
-9.036700 7.662100
-8.190000 7.742100
-8.453400 7.236900
-8.972100 7.690500
-11.384700 9.674400
-9.994700 7.552800
-8.638700 7.777300
-10.265900 7.740600
-9.667900 7.420700
-9.455200 8.743200
-8.177700 8.562300
-8.928600 9.729100
-9.363600 10.396700
-9.129000 8.512400
-9.610300 10.051000
-9.306700 7.698900
-8.485200 8.816800
-9.952400 5.982100
-8.506500 8.872200
-9.135600 7.858500
-10.688800 6.362700
-8.651800 8.960500
-9.768600 8.475400
-8.578000 8.875200
-9.875800 7.430200
-9.487600 8.098300
-8.937400 7.763700
-10.013500 5.769300
-8.734700 8.255800
-11.166600 7.805400
-6.109200 7.770100
-8.165300 7.297300
-8.013200 7.601000
-6.594200 7.750400
-11.289700 8.168100
-9.944100 8.199100
-9.611100 7.642200
-9.691600 6.979900
-9.747600 7.884200
-8.835600 8.218400
-9.538500 7.355700
-8.640400 9.852300
-9.766000 10.141900
-9.032500 8.913200
-7.940700 7.927600
-8.589200 8.454300
-9.347400 7.138800
-9.606900 9.356200
-8.712900 9.066200
-8.199200 8.675500
-7.500400 7.223200
-8.977100 8.376400
-8.798500 9.578200
-8.879400 8.105700
-9.746500 8.970200
-7.423500 8.850600
-8.448100 9.052700
-7.794400 7.515600
-8.455300 7.703000
-8.049900 9.271200
-8.873700 8.107500
-8.646600 8.594400
-7.963200 8.027200
-10.427700 7.599500
-9.500800 9.023800
-8.811200 8.696300
-8.378200 8.996000
-8.356600 8.998900
-9.837900 7.030700
-7.610100 8.015900
-9.823700 7.287500
-9.150300 7.715200
-8.656700 7.835800
-10.767400 8.978900
-7.379300 7.934300
-6.945200 7.621100
-9.895400 8.434700
-9.834900 7.201100
-9.570300 6.605200
-9.513600 7.434300
-9.181700 8.429700
-10.121900 8.469000
-9.049500 8.142900
-8.898200 8.639000
-9.802000 7.286700
-9.352400 8.280900
-10.308800 9.696000
-9.452300 7.375300
-7.162200 7.923000
-8.533200 9.502500
-10.212100 6.181000
-8.181100 7.625600
-9.425700 7.770000
-9.697600 7.645100
-8.683000 7.804800
-8.699600 7.956800
-8.477600 7.492000
-9.265000 6.300800
-7.990800 7.760300
-7.672500 9.519400
-9.577100 7.529900
-7.986700 7.892200
-11.097200 7.790100
-9.901000 8.874500
-9.890500 7.772700
-8.251800 7.824000
-8.367600 9.329200
-9.128800 7.257200
-8.952500 6.896000
-10.947000 8.384700
-10.089400 8.938500
-8.392200 8.793800
-9.614900 6.743400
-9.276300 8.139600
-8.653000 6.845400
-8.187500 6.793600
-8.462900 8.688500
-8.561900 8.369000
-9.498700 8.145900
-9.102700 9.280000
-10.828500 7.781000
-8.889600 8.296500
-8.499700 6.938900
-9.361900 8.295700
-9.766100 8.660400
-10.556900 7.590900
-9.130600 8.625300
-6.168500 8.953200
-9.445000 9.210700
-9.076400 7.729300
-8.970000 8.532300
-10.515600 8.998300
-9.790500 8.228000
-9.201600 7.657200
-8.739800 8.179800
-10.958800 8.053200
-11.027500 6.375700
-10.903000 9.475500
-10.353200 8.156400
-9.010000 9.069000
-7.905300 8.363800
-9.294600 8.048800
-9.942500 8.353000
-8.589200 8.627000
-8.334900 8.153600
-10.794400 8.238100
-9.990000 8.169000
-8.965800 7.206300
-8.958300 6.986500
-9.020100 8.183400
-9.347300 7.409400
-8.819000 6.776200
-8.637400 7.487900
-7.412100 9.591400
-9.445500 6.789800
-8.296900 7.365900
-9.147100 8.472800
-9.866700 9.342200
-10.423700 10.011700
-8.684200 8.699300
-9.493300 10.350000
-9.018500 8.818900
-8.777300 6.682100
-7.822700 8.762000
-8.569700 9.283700
-8.626500 8.696600
-8.532100 7.951200
-8.722900 5.968100
-8.354800 6.289700
-10.762300 8.224700
-8.892400 7.482800
-10.882900 8.210800
-8.914400 8.529400
-10.088100 7.885600
-9.132400 9.617400
-10.643100 5.193100
-7.054700 6.304200
-8.109700 8.667000
-9.908900 7.863400
-8.534000 8.388100
-7.500800 8.077300
-9.439900 8.877900
-8.243200 7.714800
-10.447100 8.047700
-8.341600 7.223700
-9.994900 6.637300
-7.979100 9.056000
-8.642700 7.029100
-8.549300 6.781100
-9.798900 8.755200
-9.321700 6.998400
-8.218400 7.296300
-7.234500 7.590400
-9.134400 8.391700
-10.272500 7.969300
-9.063300 7.370800
-8.274100 7.732800
-8.321300 10.589200
-7.755800 7.906600
-7.372100 10.085100
-9.359500 7.643900
-8.515100 6.446500
-8.692200 9.155500
-9.328200 6.887500
-9.285200 8.058800
-10.120400 7.295100
-8.237700 6.779000
-9.963000 9.572200
-11.259900 8.962000
-9.245400 7.807100
-9.081600 6.635900
-8.967000 8.886700
-8.600700 9.991700
-8.654500 7.728900
-8.689000 7.239900
-9.519400 8.830900
-8.880300 6.403800
-9.004300 6.852300
-9.915300 9.319300
-10.642900 8.589300
-8.929400 6.273000
-8.983300 8.001300
-10.585100 6.731100
-8.820400 9.471400
-8.747100 7.716500
-9.410600 8.025500
-8.323700 9.135200
-9.141800 7.050500
-9.479500 8.274700
-8.280400 8.811900
-9.606300 10.081400
-7.912400 5.717600
-9.874800 9.348400
-7.953700 8.158000
-8.887800 8.146700
-8.172100 8.437600
-8.004300 9.742500
-7.110000 7.384600
-10.122700 9.230100
-8.048100 7.364200
-9.816300 9.129500
-8.486600 8.403400
-10.223800 8.275000
-8.337500 8.963100
-8.685300 6.360800
-9.253100 9.593200
-7.997100 7.864200
-8.997500 8.367200
-8.226100 8.361900
-11.834000 7.469500
-11.278100 7.739800
-9.410000 7.937400
-8.034700 7.361200
-8.932900 8.590700
-9.847200 7.401700
-10.121100 7.946200
-10.880400 7.335700
-8.138200 7.895200
-8.366000 9.911000
-7.238400 7.775100
-7.504500 6.514400
-10.312400 8.916400
-6.796000 10.115400
-7.967800 7.434100
-6.210100 7.037300
-8.384300 8.288800
-8.252000 6.455100
-8.255300 8.199100
-10.057000 7.028800
-9.251500 9.227900
-9.917600 8.609500
-8.020600 8.203300
-8.220300 6.335700
-9.703600 8.444000
-8.120600 6.876800
-10.443000 7.998900
-10.925600 8.373000
-9.962800 8.835600
-7.549400 8.076200
-9.250700 6.901700
-8.215400 7.211000
-10.740800 8.357700
-8.976500 8.664900
-9.831000 8.743600
-9.101800 7.439200
-9.228600 8.241800
-8.682100 8.090000
-8.531300 8.974500
-8.109200 6.848200
-8.670500 9.005700
-8.741900 7.982100
-9.863600 7.615700
-8.617600 8.231100
-9.834600 9.224500
-9.442700 7.724300
-11.454600 6.671500
-8.622200 7.531000
-9.404900 7.517000
-7.950000 8.616800
-8.307400 7.727500
-8.732400 7.605200
-8.316200 6.562600
-7.912200 7.797900
-8.609300 7.873300
-9.935300 8.179900
-8.626500 8.227600
-10.049500 7.440600
-6.824000 8.236000
-9.865700 9.894900
-10.191400 8.371900
-10.439500 7.814100
-8.500700 6.258500
-7.663400 7.516800
-7.956500 7.939300
-9.365100 9.723000
-9.673700 6.183600
-8.646600 8.111100
-9.443000 7.449700
-8.612600 9.015200
-10.101600 7.622000
-10.134600 6.697800
-8.213200 8.849300
-9.974400 8.086800
-9.151500 6.957400
-8.645600 8.173900
-9.056400 9.118100
-9.581700 8.734700
-8.763800 9.731900
-8.595100 7.003500
-8.596700 8.496100
-8.151900 8.810800
-9.052700 7.630900
-8.026500 5.397000
-8.084500 9.354200
-9.233500 7.775900
-9.445700 8.539600
-8.523800 6.904400
-9.095700 6.987400
-11.585100 8.002200
-10.583500 7.458000
-10.275200 7.872000
-6.905800 10.087800
-11.512700 7.174700
-9.081800 9.959200
-8.847300 6.238600
-9.660200 6.805300
-9.151100 7.452300
-9.237900 7.602000
-8.359700 7.511900
-9.247800 7.337500
-11.018100 8.100100
-9.009400 8.394400
-8.413800 8.608800
-10.452600 9.040700
-8.988200 9.245900
-9.323800 7.767900
-9.155100 7.691800
-7.988700 8.000300
-8.309400 8.828500
-8.249500 7.303200
-8.143300 8.043300
-9.131400 8.650800
-9.585800 6.367400
-10.148500 8.210700
-6.588000 -9.571800
-7.213900 -9.932600
-7.445400 -10.100700
-6.951300 -9.381900
-7.241700 -9.809800
-7.119900 -10.427400
-7.014900 -10.563200
-6.619400 -9.652700
-7.290000 -10.589700
-6.810200 -9.782600
-6.650700 -10.246300
-7.214200 -10.396500
-6.163100 -9.346100
-6.850200 -9.671500
-6.605300 -10.142000
-6.004700 -9.029700
-6.550500 -9.406000
-6.090600 -9.464300
-7.691500 -10.835800
-7.042100 -9.269700
-7.830100 -10.107800
-6.437800 -9.619000
-7.807400 -10.521300
-6.432000 -9.698500
-7.511200 -10.666600
-6.094400 -9.380400
-5.485300 -8.580800
-6.534200 -9.551600
-6.917800 -9.708600
-6.299900 -9.018400
-8.168600 -11.085100
-6.610500 -9.435000
-5.796200 -8.311100
-5.670900 -8.572200
-7.580800 -10.835700
-6.612900 -9.655000
-7.901700 -10.498800
-6.981200 -10.038300
-6.806200 -9.805900
-7.351000 -10.471900
-6.079900 -9.760400
-7.507400 -10.300900
-5.215100 -8.863500
-8.203800 -10.597000
-6.607000 -9.944600
-7.727300 -11.306900
-6.401100 -9.652700
-7.940200 -11.445500
-7.547700 -10.357200
-7.267600 -10.383100
-6.323600 -10.323100
-7.098700 -10.158000
-6.880400 -10.313200
-6.458300 -9.761500
-6.975100 -10.482400
-6.238900 -9.027600
-5.451100 -9.003000
-6.996100 -10.077500
-7.263200 -10.641800
-6.708000 -10.573000
-7.216700 -10.009600
-6.351500 -9.119900
-7.379200 -10.315100
-7.093900 -10.286300
-5.891400 -9.213600
-7.480500 -9.848100
-7.705700 -10.589200
-7.430000 -10.419700
-7.426600 -10.089800
-6.500200 -9.996700
-8.144400 -10.530900
-7.006100 -10.897200
-7.715100 -10.619200
-7.204500 -10.450600
-6.223000 -9.629300
-7.663600 -10.739200
-6.988700 -10.499900
-7.290300 -10.872500
-6.184100 -9.655900
-6.596100 -9.472600
-8.040900 -11.055300
-6.184000 -8.969900
-7.179500 -10.453800
-8.384200 -11.574900
-5.747200 -9.231800
-7.618100 -10.062900
-7.012000 -10.122100
-7.099000 -10.410400
-6.435100 -9.510900
-8.109100 -11.375000
-8.061400 -10.485200
-7.564700 -11.000900
-6.029300 -8.970900
-5.708600 -8.274900
-7.167000 -10.425300
-7.412300 -10.331800
-7.816100 -10.970700
-7.316100 -10.531800
-6.442700 -9.625300
-6.941900 -10.327500
-7.938500 -10.926700
-7.271800 -10.141500
-6.898600 -9.701200
-6.256600 -9.328800
-6.635200 -10.440200
-8.359700 -10.789900
-6.078700 -8.831400
-7.911800 -10.837600
-8.389300 -11.879400
-7.190400 -10.245100
-7.672500 -10.661000
-5.750900 -8.784800
-6.112600 -9.596600
-7.028700 -10.505800
-7.246100 -10.437700
-7.244400 -10.647000
-7.563800 -10.277000
-6.482300 -9.599800
-5.701400 -8.532200
-7.309700 -10.665000
-8.016900 -10.920900
-6.405100 -9.164000
-6.487800 -9.339900
-6.988700 -9.459500
-8.575900 -11.183500
-6.581600 -9.028500
-6.863200 -9.700800
-7.207200 -9.926000
-6.951700 -9.962100
-6.734000 -9.808500
-7.744100 -11.067600
-7.118000 -10.274400
-7.223400 -10.268800
-6.779100 -10.039000
-5.904000 -9.237500
-6.475300 -10.071000
-7.182500 -10.121700
-6.354000 -9.349800
-8.200400 -10.711800
-6.595500 -9.879700
-7.338700 -10.236100
-7.250200 -10.085200
-5.916200 -8.498200
-7.409000 -10.374000
-7.045300 -10.299600
-6.923500 -9.606300
-6.506000 -9.069800
-7.543600 -10.350600
-8.189200 -11.143400
-7.075500 -9.613000
-6.188700 -9.454200
-6.128700 -9.313800
-6.576800 -10.623700
-7.255900 -10.162300
-6.650400 -9.086200
-7.489800 -10.887900
-6.760900 -9.299500
-6.483900 -9.237900
-7.187500 -10.161200
-7.728900 -10.462400
-6.809200 -9.884500
-7.994600 -10.554000
-5.970500 -8.911800
-6.975700 -9.770500
-6.627600 -9.047300
-7.716300 -10.851100
-6.380300 -9.963100
-6.482700 -9.994700
-7.362000 -10.873000
-6.110500 -9.716900
-7.998600 -10.712600
-7.064400 -9.979600
-7.375600 -10.812600
-6.746600 -9.540900
-6.848400 -10.505900
-7.653700 -10.967700
-7.677000 -11.528600
-6.526300 -9.543000
-7.458700 -11.064700
-7.081200 -10.639300
-6.921500 -10.126400
-7.821300 -10.810800
-7.395900 -10.361100
-6.492800 -9.802100
-6.524400 -9.674300
-7.446400 -9.379100
-6.411200 -9.674700
-7.140800 -10.173400
-6.726600 -10.017600
-7.779800 -9.914600
-7.780600 -11.125300
-7.130500 -10.582200
-8.304700 -11.897000
-6.839500 -9.916600
-7.532900 -10.639900
-7.143200 -10.356000
-6.117700 -9.547300
-6.423000 -10.018300
-6.773600 -9.647100
-7.316000 -10.394300
-7.287400 -10.260600
-7.044000 -9.937400
-7.596500 -9.722000
-7.387400 -9.707800
-7.034600 -10.102600
-6.329200 -10.313700
-6.103300 -8.598400
-7.295200 -10.687400
-6.395700 -9.501000
-7.650000 -10.410800
-8.905200 -11.911500
-6.632500 -10.078600
-6.517000 -9.602100
-6.908000 -9.740600
-7.200100 -9.961900
-6.524600 -9.804800
-6.035900 -9.884400
-6.632600 -9.284500
-6.084600 -9.466500
-7.256700 -10.276400
-7.697000 -10.479500
-7.254200 -10.240000
-6.689600 -9.261100
-6.719100 -9.597000
-7.356000 -9.916800
-7.068900 -9.982400
-6.693700 -9.780800
-7.178000 -10.903900
-6.817400 -10.101800
-6.250900 -8.746900
-7.116500 -10.831500
-6.622600 -9.795700
-7.356600 -9.768100
-7.611400 -11.206800
-6.885300 -9.893400
-6.802200 -10.024200
-7.278900 -10.261000
-7.639800 -10.596100
-6.402300 -9.117100
-6.813300 -9.351900
-7.801200 -10.709700
-6.929400 -9.782200
-7.155300 -9.915200
-6.356500 -8.976400
-6.832700 -9.638500
-6.898100 -10.117800
-7.664000 -10.337300
-6.867900 -10.258900
-7.109000 -9.765700
-6.634800 -9.674700
-5.935500 -8.872100
-6.789600 -9.597600
-8.005400 -10.221200
-7.651400 -10.078200
-6.785500 -9.385800
-6.683900 -9.580300
-6.958600 -9.914500
-6.886200 -9.933600
-6.853400 -9.150000
-7.128500 -9.786100
-6.605900 -10.081400
-7.269800 -10.796300
-7.777200 -10.807700
-8.388500 -10.644200
-5.972700 -8.839300
-7.407000 -9.834100
-6.626900 -9.602100
-7.110800 -10.153600
-6.218600 -8.853800
-5.537900 -9.035700
-7.485700 -10.433300
-7.586400 -10.657500
-6.296600 -9.655300
-7.555300 -10.529800
-6.753500 -9.837000
-7.530800 -9.936100
-6.625100 -9.932700
-6.797600 -9.157700
-6.243600 -9.196900
-6.273000 -9.727700
-6.942300 -10.486800
-6.343800 -9.391400
-6.973300 -8.952000
-5.767400 -8.965800
-6.117200 -9.613200
-7.152600 -9.927700
-7.595600 -10.784400
-7.480400 -10.331100
-6.231700 -9.351700
-6.117500 -9.514700
-7.775500 -10.630500
-6.576100 -9.526600
-6.664100 -10.091300
-6.299000 -9.211900
-6.409100 -8.065700
-7.296400 -10.388300
-7.260300 -10.516900
-7.177700 -10.019000
-8.049300 -10.782000
-7.609000 -10.647800
-7.039700 -10.203400
-6.385900 -9.560600
-6.557000 -9.856500
-6.818300 -9.482400
-7.145800 -10.614200
-5.614300 -8.032700
-6.983000 -9.732700
-7.425400 -9.765000
-7.593200 -10.596200
-6.758600 -9.348200
-6.920400 -9.640200
-7.214700 -10.320000
-7.197000 -10.543900
-7.355400 -9.809200
-8.088900 -11.021100
-7.193900 -10.678900
-7.010800 -10.399200
-6.791500 -9.529600
-6.883900 -10.475800
-7.251300 -11.024300
-8.007600 -11.188300
-7.994500 -11.204500
-6.786400 -10.368100
-8.221400 -10.655800
-6.491600 -9.719700
-7.798600 -11.211800
-7.173100 -10.404000
-6.664700 -10.254200
-6.890900 -10.285400
-8.401400 -10.714500
-7.432300 -10.309600
-7.274100 -10.356300
-6.127200 -9.341600
-7.191300 -10.466600
-7.045400 -9.619200
-6.590100 -10.176900
-7.209300 -10.504200
-7.229500 -10.008800
-6.486100 -9.765000
-7.009100 -10.279000
-7.879800 -11.097900
-7.838100 -10.926600
-6.740100 -9.725200
-6.617400 -9.603800
-6.691400 -10.022700
-7.267600 -10.386100
-7.098400 -9.720700
-7.792400 -10.276700
-6.722100 -9.997100
-7.536300 -9.921700
-7.110500 -10.369300
-7.127000 -9.486300
-6.349400 -9.418300
-7.489500 -10.804200
-6.398800 -8.966200
-7.416300 -10.035200
-7.007900 -9.979900
-6.519600 -10.371300
-6.134400 -9.578500
-7.773600 -10.618700
-7.814200 -10.773000
-7.047600 -10.459600
-7.148200 -10.070500
-6.644500 -9.883400
-5.398700 -8.272500
-5.725600 -8.677800
-6.487400 -9.169400
-7.011000 -9.768700
-7.609400 -10.370300
-7.295500 -9.579800
-7.238600 -10.093800
-6.758700 -9.475700
-7.005500 -10.317800
-6.852100 -9.447600
-7.111300 -10.161400
-7.607600 -10.296400
-7.565200 -10.913700
-6.765900 -9.389600
-7.894500 -10.342300
-8.000600 -10.094000
-6.795200 -10.000300
-7.521200 -10.452800
-6.752500 -10.082800
-6.712900 -9.968700
-5.598000 -9.460100
-6.189000 -8.898900
-5.393400 -8.833700
-7.470600 -10.527400
-6.837900 -9.543000
-6.516600 -9.568400
-6.878400 -9.824300
-7.194600 -9.887400
-6.494300 -9.986100
-7.061200 -9.596500
-7.516300 -10.949500
-6.575900 -10.221300
-7.421400 -10.043500
-6.770200 -9.555000
-7.289100 -10.934400
-7.554700 -10.415000
-6.652200 -10.139600
-7.963500 -10.412400
-6.758900 -10.332900
-7.645800 -10.715200
-7.092400 -10.082300
-7.513800 -10.403500
-6.410300 -9.083300
-5.781400 -9.572600
-6.606800 -9.532100
-7.300300 -10.126800
-7.463400 -10.132200
-6.829800 -10.192900
-7.004700 -9.345300
-7.065300 -10.154700
-6.638400 -9.738200
-6.280900 -10.110000
-7.858000 -10.581500
-7.178000 -10.501700
-7.325300 -10.263000
-5.916800 -8.756400
-6.737300 -8.988700
-5.326600 -8.901400
-7.752200 -10.535200
-6.676400 -9.682500
-7.092400 -10.536300
-7.842700 -10.483300
-6.331400 -9.539500
-7.635900 -11.915400
-6.549800 -8.929000
-7.621000 -10.331500
-6.888000 -9.565200
-7.854000 -10.729000
-7.145800 -9.985200
-7.308400 -10.551600
-6.716500 -9.337400
-8.445700 -11.426400
-6.723500 -10.307900
-7.736400 -11.056600
-8.590200 -11.563800
-5.758300 -9.410500
-7.838800 -10.633000
-7.770100 -10.910000
-7.572500 -10.516200
-5.865000 -8.268200
-5.535800 -9.210700
-7.170300 -10.261000
-7.225300 -10.486200
-6.932000 -9.833300
-7.875200 -10.741200
-7.823200 -11.002500
-7.576300 -9.732400
-6.033600 -9.428900
-7.114900 -9.499100
-6.957800 -9.834800
-6.767700 -9.770800
-7.436900 -10.898800
-8.075300 -11.180100
-6.832900 -10.298600
-6.634300 -9.538800
-8.042500 -10.582300
-5.777900 -8.470000
-6.206700 -8.650700
-7.321900 -10.574800
-7.215900 -10.354900
-6.789300 -10.592700
-6.614400 -9.602700
-6.672600 -9.586800
-7.846900 -11.229000
-6.705600 -9.687600
-6.044100 -9.573200
-6.396800 -9.512100
-6.701600 -9.506800
-5.818400 -9.244900
-6.518600 -9.073300
-7.346400 -11.145500
-7.100200 -9.492000
-5.919700 -9.260600
-6.990700 -9.678800
-7.673000 -10.393100
-6.397900 -7.921100
-6.936000 -10.370600
-6.668800 -9.966400
-7.800700 -11.265300
-7.656100 -10.803500
-7.298500 -10.090000
-7.229200 -9.752300
-8.268200 -10.829300
-7.651800 -11.108400
-7.270200 -10.351100
-7.341800 -11.112200
-7.761000 -10.659200
-7.503000 -10.133400
-6.628900 -9.384700
-7.505500 -9.577200
-7.079800 -10.010400
-7.287800 -10.241100
-6.325200 -8.969700
-8.728300 -11.977200
-6.868300 -10.360000
-7.217500 -10.185000
-6.834800 -10.329600
-8.969200 -11.567200
-6.891900 -9.674700
-7.559200 -10.733300
-8.087400 -11.061900
-7.259900 -10.152700
-6.911900 -9.772600
-7.180900 -9.777000
-7.164600 -10.229000
-8.641900 -10.347000
-8.059600 -11.422800
-6.666000 -9.607400
-7.437300 -9.425800
-6.801800 -9.822000
-7.515200 -10.384700
-6.435000 -9.472600
-6.958200 -9.909600
-7.738700 -10.111400
-7.291800 -10.565600
-7.313800 -9.988100
-6.842900 -9.928300
-7.630700 -11.371800
-7.089300 -10.568100
-8.195400 -10.798300
-6.604000 -9.181000
-6.739900 -9.751200
-7.897400 -10.497700
-5.684900 -9.186700
-7.588800 -10.731300
-6.659700 -9.376000
-6.165400 -9.066200
-7.531400 -10.302300
-6.860900 -11.239900
-7.388600 -10.646400
-7.102000 -10.289300
-8.667200 -11.436500
-6.746400 -9.345900
-7.574200 -10.300300
-7.431300 -10.646800
-8.717500 -11.431800
-7.197400 -10.060700
-6.551700 -9.017100
-6.156900 -9.180600
-6.867000 -9.952900
-6.208800 -9.224700
-6.440900 -9.744400
-8.288600 -11.229100
-6.332400 -9.037400
-6.546500 -9.232800
-7.547800 -11.105000
-6.678000 -10.282100
-7.103300 -10.354300
-7.469400 -10.168600
-7.614700 -10.417800
-6.988700 -10.119600
-7.114000 -9.840400
-6.959900 -10.399300
-6.728900 -9.993500
-6.849900 -9.194400
-7.337500 -10.109900
-5.656200 -9.229800
-7.154100 -10.425400
-7.388700 -10.108500
-7.622400 -10.283000
-7.997300 -10.124200
-7.283400 -9.246700
-7.029700 -9.606600
-8.022100 -10.857800
-7.302500 -10.555300
-7.252200 -10.709900
-7.879800 -10.688000
-6.880800 -9.718300
-8.533500 -11.017900
-7.496700 -10.731000
-5.982700 -8.891700
-8.219000 -10.703600
-6.944100 -9.814200
-7.035900 -9.076500
-7.405100 -9.721100
-7.018700 -10.099900
-6.693100 -9.124500
-8.640900 -10.575300
-6.813400 -9.296300
-5.584300 -8.689200
-7.517300 -10.738400
-6.307500 -9.654600
-7.594000 -10.533400
-6.144600 -8.786700
-8.267600 -10.886500
-7.099600 -10.141100
-6.885600 -9.880400
-7.274300 -9.989200
-7.530300 -9.825300
-6.986000 -10.492900
-5.722900 -9.635200
-6.702700 -9.600200
-7.058900 -10.853200
-6.498700 -9.353700
-6.018400 -8.921600
-6.322700 -9.509400
-6.552100 -9.282000
-7.704100 -10.501300
-7.504000 -9.960500
-7.555800 -9.791000
-6.478800 -8.785300
-6.201000 -9.408500
-7.277400 -10.869700
-8.227100 -11.365800
-5.607600 -8.954200
-7.064000 -10.374500
-6.357100 -10.041700
-8.003800 -10.248800
-7.050300 -10.625200
-6.202000 -8.958200
-7.100900 -10.243200
-7.573800 -10.784700
-5.999100 -9.105100
-7.230300 -9.130300
-6.644400 -10.056800
-6.625400 -9.849900
-7.093900 -10.348700
-6.416400 -10.125100
-6.636600 -10.201500
-8.059700 -11.179600
-7.713800 -10.846500
-7.076500 -10.240200
-6.313000 -9.268300
-6.710600 -9.307000
-6.696700 -9.374500
-6.443100 -9.234900
-7.444300 -10.727900
-6.342300 -9.557800
-6.257900 -9.293200
-6.663800 -9.937900
-7.984000 -10.567600
-7.719800 -10.951100
-6.790700 -10.476800
-6.584100 -9.966300
-6.211600 -9.463100
-6.040700 -8.648600
-7.468800 -10.607300
-6.166500 -8.744200
-6.181900 -9.241900
-7.236800 -10.642900
-7.269200 -10.456600
-5.867900 -8.559600
-7.087900 -9.768100
-7.504600 -9.790100
-6.569000 -9.425600
-5.640600 -8.982800
-7.423100 -11.138800
-7.145400 -10.144900
-6.982700 -9.148800
-7.454400 -10.371600
-8.017400 -11.625400
-8.052900 -10.791000
-6.918500 -9.568100
-7.046500 -9.906700
-6.500500 -9.339100
-6.659500 -9.426000
-7.804500 -10.570500
-6.587100 -10.567500
-7.429900 -10.785900
-6.726500 -10.280500
-6.000900 -8.930000
-6.741400 -9.851300
-6.069800 -9.535500
-6.940900 -10.380300
-6.821500 -10.520500
-6.775400 -9.686600
-6.122600 -9.657600
-7.284500 -10.205500
-7.059600 -9.894300
-7.093100 -10.505400
-7.017300 -9.870700
-6.505200 -9.715700
-7.511800 -10.605700
-5.948100 -8.826300
-7.314800 -10.038900
-5.400000 -9.164600
-6.990100 -10.219100
-7.019400 -10.103300
-7.643500 -11.032400
-6.200900 -9.286400
-6.580700 -10.024900
-8.406400 -11.078300
-6.821100 -10.869300
-6.343900 -9.799300
-6.811800 -10.063300
-7.630600 -10.429500
-6.830100 -10.156000
-6.672700 -9.567100
-6.659700 -10.011600
7.782900 2.322900
6.780300 2.981200
8.650500 2.341500
8.994300 4.500000
8.176500 3.130600
8.198500 2.356400
8.038200 2.215700
7.326400 3.752200
7.076800 3.713600
7.623700 3.691200
7.673000 3.366700
8.768300 2.396500
7.120700 2.328100
8.114100 3.092600
6.914600 3.377800
7.329100 1.606700
8.205400 3.442300
8.668400 3.520100
8.419000 3.761100
7.268100 4.163100
7.443000 3.636900
8.615700 2.281900
7.369100 2.276200
8.218200 2.906500
7.899300 2.659000
7.414500 3.694000
8.941500 3.927400
6.973900 3.072200
8.250000 4.271600
7.229100 3.198600
6.431200 2.707200
8.789000 2.783200
8.214900 4.668500
8.066100 1.862500
8.612400 3.604600
8.133900 3.617500
9.705500 2.977700
6.895100 3.774500
8.107500 1.967000
9.009500 2.227000
8.135000 2.807200
8.060600 3.873200
7.625200 3.966000
7.689600 3.266900
7.285400 2.084100
7.700100 2.977300
6.935400 1.984400
8.131500 3.998100
7.901100 1.430900
6.934400 2.062100
7.931600 4.647800
8.645100 3.941600
8.228100 3.251900
7.798000 2.583200
7.752800 2.120100
10.052200 3.157100
7.318800 2.758900
9.218900 2.344300
8.356800 4.913200
7.880900 2.987100
9.706800 3.209000
9.607200 1.826300
8.079200 3.190600
8.326800 3.224300
8.630900 4.350100
7.553900 3.611100
7.108800 2.222800
8.519700 2.685800
8.252300 3.427900
7.464000 3.293500
7.532200 3.032200
7.463700 3.129200
8.720700 3.020000
8.519700 3.059800
7.578200 3.543800
8.752300 2.998200
7.722600 3.711100
7.181900 3.812300
8.995200 4.411000
8.068700 2.096300
8.355700 4.099900
7.421400 2.641900
8.026700 3.671200
8.892900 3.869600
8.284600 3.725600
7.721700 2.032000
8.389600 2.594200
7.627500 5.014600
7.737800 1.250800
8.314500 3.335900
8.186200 3.147700
9.178400 2.160700
6.428400 3.265100
8.266900 2.723400
7.313900 2.995000
8.608900 1.457800
8.708000 3.399400
7.619300 2.015800
8.182300 3.166600
8.287400 3.605400
8.400400 3.342200
8.423800 3.425300
8.008100 4.498700
8.109700 2.622800
7.271000 3.188000
9.824700 2.003300
8.159100 3.472700
7.906000 3.573500
8.995700 3.169700
6.609300 3.118300
7.623700 3.571800
8.367500 3.079400
9.066700 2.807000
8.202400 3.029300
7.320600 2.925600
7.388600 2.466000
7.288100 3.610400
8.542500 3.071900
7.941500 2.613300
8.058600 3.249500
7.437400 3.003900
9.228400 3.846000
7.831400 2.808000
7.744500 2.401400
8.854300 3.403000
7.637900 2.426500
8.519400 3.420100
8.494800 3.403400
7.997200 3.717300
8.959800 2.774600
6.314100 2.746400
7.773600 3.710500
8.876800 2.809000
8.479600 2.500500
9.143100 3.211800
7.953400 2.535600
8.518500 2.779600
8.538700 3.158300
8.977600 3.173000
8.059900 3.061200
9.720000 2.405000
7.115400 2.086300
7.647800 3.738000
8.039300 3.058400
8.519300 2.398200
9.212700 3.418200
7.436800 3.178600
8.001400 1.710800
7.717400 3.921500
9.343200 4.453700
7.568100 2.167300
8.550400 3.375700
7.600600 2.734200
8.884800 2.918600
7.515400 2.603200
9.341400 3.245900
7.842800 2.391400
6.946600 2.665400
7.407500 2.844500
8.734600 2.803400
7.524800 3.367900
8.350200 3.593700
8.403600 1.169600
7.224600 1.934400
8.477300 3.145100
7.602600 2.696000
7.880400 3.538700
8.268600 3.255100
8.143800 3.003400
8.004600 3.603300
8.358200 4.131100
7.550200 3.454700
7.836900 2.492800
8.236100 2.532400
8.280400 4.616300
8.225100 2.705800
7.433600 2.987900
7.854900 3.186500
7.404400 2.818800
6.922400 2.211300
8.858800 1.316600
8.885600 3.219900
8.327600 2.199700
8.140600 1.792600
7.919400 3.475600
7.436300 3.070000
8.157700 1.737200
9.587600 3.406000
8.578300 3.069600
7.093700 4.372100
8.312700 3.495500
7.366600 4.687000
7.892600 2.030700
8.647100 3.184400
8.739800 2.202800
8.545400 3.754400
8.706600 3.199600
7.495200 4.060600
8.610600 1.698400
7.985900 4.094000
8.893200 1.861900
9.738600 3.814600
8.236100 1.995900
9.082600 2.779500
8.348800 3.090500
6.518200 2.980600
7.439100 2.604000
7.393000 3.283600
8.468700 2.431500
8.509200 3.572900
8.630800 1.946200
7.301500 2.741800
7.132900 2.721600
8.308700 4.013000
7.620400 3.567000
7.870900 2.129500
9.209000 2.479900
9.393200 3.528900
6.936100 3.505900
7.916600 2.498600
8.267900 3.024700
7.838200 3.119100
6.811300 1.304500
8.338800 4.095600
7.203600 3.804700
7.544100 2.122300
8.285100 4.518400
8.074500 3.540000
8.135400 2.970200
7.690400 2.303300
7.841100 4.322900
8.741200 1.284900
8.759700 3.352700
10.050000 4.100600
7.722100 1.891900
8.811000 2.588600
8.329700 3.625500
6.716600 2.549200
7.739300 2.350100
8.214400 2.557600
9.253300 2.788000
7.859500 3.847900
7.514600 0.770900
7.751000 2.842900
8.064800 2.749500
8.211200 2.603400
8.335500 3.522900
7.537200 1.724700
7.552400 3.148900
7.517000 3.851600
8.010700 3.131000
8.705400 3.025000
7.042200 4.197700
8.084800 2.064800
7.679000 1.806000
8.312100 2.360200
8.279100 3.152900
7.022200 3.684400
7.030100 3.096800
6.961500 3.209100
6.833800 3.475400
7.751100 4.173600
9.273100 2.535300
8.264200 3.600700
7.884700 3.252900
8.659200 3.101500
7.789200 4.506500
6.867000 2.400500
8.624600 3.069000
8.110800 2.614000
8.063400 2.116000
7.417700 2.744400
7.884000 2.729300
9.401900 4.531800
8.158600 2.752900
7.795400 4.000600
8.703200 3.148300
6.588300 3.657200
8.674200 2.359300
7.959900 3.043200
8.377500 2.665400
8.844900 1.671900
8.392600 3.356100
8.987800 3.642700
7.956200 1.807300
8.655400 2.242800
8.552200 3.085200
8.347800 1.848400
7.509000 3.171900
7.288500 3.670100
7.589700 2.875000
8.304600 2.405800
8.016700 2.261200
7.083100 3.454200
7.963800 3.555700
7.691400 2.829200
9.281400 2.052100
8.617600 4.514900
8.181200 2.558700
6.808600 2.022400
8.367100 3.265800
8.356600 3.298300
7.359800 2.663800
8.968100 1.443100
8.107800 1.807400
8.746600 3.297200
7.791300 3.186900
9.146900 2.353800
7.107200 1.560400
6.658800 3.063600
7.523100 3.254200
8.187200 2.989400
9.599600 3.384300
8.311200 3.466200
7.029600 3.911900
7.350700 2.123500
6.889800 1.583300
7.705000 3.816800
6.890100 2.971300
8.015100 3.450800
7.313100 3.075100
8.420800 1.858200
8.290500 3.212900
7.302000 3.579800
8.445100 2.526000
8.369800 1.653600
8.135500 3.460900
7.010700 2.840600
6.805600 3.123000
8.011700 2.414900
9.049800 3.392400
8.365900 2.880500
8.227600 2.987000
8.697000 2.772300
7.642000 3.583400
8.208100 2.697400
7.601300 2.125700
8.028300 3.694300
7.039900 2.002300
7.580100 3.034400
8.559500 2.465200
7.566300 3.375400
8.270400 2.822800
8.960000 3.821400
7.202400 3.931900
8.723300 3.366000
6.895100 3.511700
9.414300 2.984400
9.768300 3.499500
7.316500 3.399100
7.993500 1.918900
8.611400 3.128900
8.259600 4.617000
8.280500 3.256800
9.106300 1.973300
7.856100 4.106000
8.455900 2.301000
8.287300 1.940000
9.196300 2.592200
9.756900 2.283600
8.538700 2.944900
8.753300 2.627300
7.911500 3.317300
8.268900 2.418000
7.558300 2.925200
6.597900 3.197400
7.822700 2.399000
8.790500 3.809800
8.023200 4.282800
7.740300 3.632300
8.435700 2.421900
7.174200 4.678000
9.112500 3.617700
7.769800 2.825500
6.650700 3.545000
7.518100 2.487600
7.780100 3.097500
7.765200 2.474600
7.762000 2.344900
7.859600 2.567200
7.873500 2.264900
7.577600 2.900600
8.164700 3.501200
7.453700 3.755500
7.824100 3.932900
8.763000 4.973200
7.562800 3.298300
8.090800 2.615000
8.256900 3.356400
7.612300 3.945100
8.471300 3.161700
7.772500 2.176300
7.543700 3.409900
7.937700 2.550000
6.703300 3.399200
6.562900 3.222200
8.875800 2.575200
5.848900 2.620600
8.916500 2.215400
8.801100 3.150900
7.884400 3.782900
8.232100 2.797800
8.063600 3.769700
7.498600 2.409200
8.277500 2.981700
8.994000 3.095500
7.893600 2.170500
7.637800 3.393200
7.984500 3.250900
7.515900 1.992700
9.013300 3.251100
8.646100 4.199900
9.111900 2.554100
8.261800 2.828900
6.632500 3.018500
7.710600 1.476000
8.429000 3.601200
7.800700 2.484100
7.848600 3.561500
8.804500 2.517800
7.619900 2.248800
6.819500 3.146500
6.865600 2.409600
8.332400 3.833400
7.945900 2.476200
8.878700 1.103800
8.077800 1.980500
7.020700 2.972800
8.227400 3.347800
8.348500 2.943700
7.555400 1.996700
7.121600 2.278800
8.001300 2.318600
8.275600 3.496300
7.974400 2.649000
8.098600 3.522200
7.268300 2.881000
8.141200 3.816600
8.062600 2.083000
7.640200 2.980800
8.478300 3.470400
8.839200 2.717200
7.848100 3.003100
8.569800 2.505600
9.111300 3.219200
8.371100 3.257800
7.832700 2.284200
6.900700 3.447000
6.820700 3.204700
8.018200 1.522100
8.238900 2.382700
7.208100 3.471000
8.572900 2.992200
6.246300 2.281500
7.999300 3.591100
7.784000 3.246600
6.659700 2.626200
8.991200 2.102200
8.386900 2.947300
8.162100 3.172700
8.211800 1.651100
7.793000 4.951300
8.395500 2.869100
8.071000 2.754500
8.739900 3.838300
8.017300 2.247300
8.864700 3.847700
6.773800 3.152100
8.902100 2.337000
7.202700 2.030600
7.787900 2.829000
8.973500 3.248600
7.711600 2.596400
7.550100 3.448400
8.179600 4.259800
6.837100 3.290600
7.723300 2.114400
8.758100 3.228000
7.909100 3.513000
6.988400 3.580800
8.075600 3.316600
7.330100 2.675800
7.551000 4.319000
7.144000 3.422500
8.122400 4.090800
9.516400 3.612300
7.304000 3.193500
8.190400 2.807100
8.000400 3.671200
8.331600 2.967300
7.736100 3.396200
8.256500 3.507300
8.491200 2.746900
7.717100 1.979800
7.761700 3.048100
7.184000 2.446400
7.940700 3.201900
8.682900 2.757000
7.367500 2.956800
8.704900 3.263700
7.085600 1.774500
7.097000 2.871000
7.789000 3.408500
7.765700 2.570100
7.758500 2.630900
8.070800 2.611900
9.728000 3.760800
6.916200 4.461800
8.092200 3.964900
7.537300 3.177400
8.344700 4.160200
7.549300 2.289300
7.493000 1.624000
7.135400 1.953800
7.343200 2.866300
6.398600 3.840400
8.676100 2.724600
8.081200 2.799600
8.756600 3.272500
7.421800 3.662200
7.133300 4.387300
8.547800 4.283100
9.062300 3.378100
7.561400 1.657600
7.689800 2.762900
8.118700 3.999600
6.963700 3.000900
8.918600 3.496300
8.154500 2.375300
7.992300 1.720600
7.444500 4.400500
7.724300 2.605300
8.796700 3.686200
6.767300 4.287900
8.186600 3.263000
8.108300 3.250400
8.160400 2.148200
8.474800 3.467500
8.158600 2.908800
6.505000 2.570200
7.650900 3.164900
7.731100 3.310400
7.959600 4.428600
8.418600 2.844900
8.441400 3.172100
6.646000 1.816200
8.649900 2.484800
7.820800 2.105900
7.947400 2.214300
7.589300 3.607900
7.889000 2.761400
8.565000 3.183000
7.685600 3.295800
8.510100 3.530700
8.634200 2.120200
8.380900 3.505500
7.948300 4.443000
8.644600 2.555900
7.852600 2.971500
8.813300 3.301900
7.404000 2.962200
8.588200 3.660600
8.479800 3.662700
8.693100 2.297300
7.776400 3.705600
8.191000 2.736900
7.373500 3.988000
7.956400 3.154000
7.589700 1.382900
7.220400 2.570600
7.659000 3.426800
7.176900 3.474600
8.474900 1.992900
8.178100 4.475500
8.236600 2.458900
7.853500 2.915000
7.432400 2.365200
8.508100 2.158100
8.193500 3.900900
9.788100 3.636400
7.463200 1.646700
7.373900 2.926000
7.750200 2.647900
7.307200 2.259100
6.831500 2.293200
9.870600 1.382600
7.257500 3.492300
7.774500 3.882200
7.867800 2.549800
8.254200 3.170200
8.011300 2.131000
7.220600 3.262900
8.326600 2.130500
6.831900 2.635900
7.925200 3.133900
8.288400 3.403900
7.280100 3.368800
7.800800 3.064200
8.277500 1.976400
8.028400 3.359600
7.496200 2.940200
8.467900 3.717100
7.189200 2.926600
8.293500 3.197000
7.432600 4.112000
7.747400 3.726500
9.737700 4.303100
8.298900 3.581700
8.458300 3.690000
7.549100 3.082100
8.502000 1.743700
7.869400 2.632300
8.400400 2.518800
9.483500 2.024900
9.325700 3.278700
9.467300 2.286600
7.363200 2.435700
8.337600 2.126700
8.165500 1.963600
7.443100 3.611500
8.059800 2.513300
9.237200 3.829400
9.169900 3.018000
7.340100 3.508500
7.370100 3.650900
6.758800 3.228700